,hour,LMP,VoltageAngle,VoltageAngleDualMax,VoltageAngleDualMin,Load,LoadPayment
301,1,22.732463,0.000000,0.000000,0.000000,45.219234,1027.944563793342
301,2,22.732463,0.000000,0.000000,0.000000,43.767162,994.935390780006
301,3,22.732463,0.000000,0.000000,0.000000,43.083834,979.4016623031421
301,4,22.732463,0.000000,0.000000,0.000000,42.520089,966.5863499492069
301,5,22.732463,0.000000,0.000000,0.000000,42.827586,973.5765141243179
301,6,25.908321,0.000000,0.000000,0.000000,45.424233,1176.8656097427931
301,7,25.908321,0.000000,0.000000,0.000000,51.112939,1324.250430865419
301,8,21.116646,0.000000,0.000000,0.000000,55.862069,1179.619535900574
301,9,0.000000,0.000000,0.000000,0.000000,58.117052,0.0
301,10,0.000000,0.000000,0.000000,0.000000,60.730781,0.0
301,11,0.000000,0.000000,0.000000,0.000000,62.524518,0.0
301,12,0.000000,0.000000,0.000000,0.000000,63.549510,0.0
301,13,0.000000,0.000000,0.000000,0.000000,63.310345,0.0
301,14,15.731579,0.000000,0.000000,0.000000,63.088263,992.477993357277
301,15,15.731579,0.000000,0.000000,0.000000,62.490351,983.0718934942289
301,16,21.116646,0.000000,0.000000,0.000000,61.379943,1296.138527831178
301,17,26.429209,0.000000,0.000000,0.000000,61.140778,1615.902400184602
301,18,26.845141,0.000000,0.000000,0.000000,66.931984,1796.7985478897442
301,19,24.708663,0.000000,0.000000,0.000000,68.999051,1704.874298478813
301,20,23.217425,0.000000,0.000000,0.000000,67.154065,1559.1444675826249
301,21,23.217425,0.000000,0.000000,0.000000,63.583676,1476.2492287542998
301,22,21.907448,0.000000,0.000000,0.000000,59.142044,1295.6512535437118
301,23,21.184575,0.000000,0.000000,0.000000,53.880418,1141.4337561523498
301,24,0.000000,0.000000,0.000000,0.000000,49.233787,0.0
302,1,22.732463,0.169235,0.000000,0.000000,40.613572,923.2465227878359
302,2,22.732463,0.181684,0.000000,0.000000,39.309396,893.5993901223479
302,3,22.732463,0.193920,0.000000,0.000000,38.695666,879.647795605358
302,4,22.732463,0.201931,0.000000,0.000000,38.189339,868.1377358119569
302,5,22.732463,0.186974,0.000000,0.000000,38.465517,874.4159419783709
302,6,25.908321,0.200046,0.000000,0.000000,40.797691,1056.999674486811
302,7,25.908321,0.258868,0.000000,0.000000,45.906991,1189.373058972111
302,8,21.116646,0.223443,0.000000,0.000000,50.172414,1059.4731054034442
302,9,0.000000,0.055522,0.000000,0.000000,52.197722,0.0
302,10,0.000000,0.005856,0.000000,0.000000,54.545239,0.0
302,11,0.000000,-0.036931,0.000000,0.000000,56.156280,0.0
302,12,0.000000,0.083652,0.000000,0.000000,57.076874,0.0
302,13,0.000000,0.094283,0.000000,0.000000,56.862069,0.0
302,14,15.731579,0.117377,0.000000,0.000000,56.662607,891.3922783664531
302,15,15.731579,0.183945,0.000000,0.000000,56.125593,882.944200201347
302,16,21.116646,0.286886,0.000000,0.000000,55.128282,1164.1244155821719
302,17,26.429209,0.375546,0.000000,0.000000,54.913477,1451.319760549693
302,18,26.845141,0.425550,0.000000,0.000000,60.114837,1613.791275457017
302,19,25.848933,0.440974,0.000000,0.000000,61.971370,1601.89379104821
302,20,24.288876,0.435223,0.000000,0.000000,60.314299,1464.9665294379238
302,21,24.288876,0.430599,0.000000,0.000000,57.107561,1387.0784677914357
302,22,22.918446,0.419901,0.000000,0.000000,53.118317,1217.389279775382
302,23,22.162213,0.405186,0.000000,0.000000,48.392597,1072.487042337161
302,24,0.000000,0.398040,0.000000,0.000000,44.219234,0.0
303,1,22.732463,-7.307353,0.000000,0.000000,75.365391,1713.240962388033
303,2,22.732463,-7.635604,0.000000,0.000000,72.945271,1658.225674032473
303,3,22.732463,-7.990802,0.000000,0.000000,71.806390,1632.33610383857
303,4,22.732463,-8.219279,0.000000,0.000000,70.866814,1610.977227182882
303,5,22.732463,-7.763041,0.000000,0.000000,71.379310,1622.62752354053
303,6,25.908321,-8.295555,0.000000,0.000000,75.707055,1961.442682904655
303,7,25.908321,-9.865120,0.000000,0.000000,85.188232,2207.0840600784722
303,8,21.116646,-9.022232,0.000000,0.000000,93.103448,1966.032552795408
303,9,0.000000,-3.697110,0.000000,0.000000,96.861753,0.0
303,10,0.000000,-2.175692,0.000000,0.000000,101.217969,0.0
303,11,0.000000,-1.245463,0.000000,0.000000,104.207529,0.0
303,12,0.000000,-4.662471,0.000000,0.000000,105.915849,0.0
303,13,0.000000,-4.970891,0.000000,0.000000,105.517241,0.0
303,14,15.731579,-5.694702,0.000000,0.000000,105.147105,1654.129988928795
303,15,15.731579,-7.810400,0.000000,0.000000,104.150585,1638.4531558237152
303,16,21.116646,-11.118910,0.000000,0.000000,102.299905,2160.2308797186297
303,17,26.429209,-14.328213,0.000000,0.000000,101.901297,2693.170675784073
303,18,26.845141,-16.347996,0.000000,0.000000,111.553306,2994.6642285861462
303,19,0.000000,-17.088901,0.000000,0.000000,114.998418,0.0
303,20,0.000000,-17.187505,0.000000,0.000000,111.923442,0.0
303,21,0.000000,-16.610030,0.000000,0.000000,105.972793,0.0
303,22,0.000000,-16.475841,0.000000,0.000000,98.570073,0.0
303,23,0.000000,-16.558140,0.000000,0.000000,89.800696,0.0
303,24,0.000000,-15.939808,0.000000,0.000000,82.056311,0.0
304,1,22.732463,-1.120291,0.000000,0.000000,30.983550,704.33240398365
304,2,22.732463,-1.015963,0.000000,0.000000,29.988611,681.714989978893
304,3,22.732463,-0.942494,0.000000,0.000000,29.520405,671.071514407515
304,4,22.732463,-0.890280,0.000000,0.000000,29.134135,662.290645924505
304,5,22.732463,-0.959891,0.000000,0.000000,29.344828,667.080216751364
304,6,25.908321,-1.014422,0.000000,0.000000,31.124011,806.370867795531
304,7,25.908321,-0.991396,0.000000,0.000000,35.021829,907.356787739109
304,8,21.116646,-1.140716,0.000000,0.000000,38.275862,808.2578281988519
304,9,0.000000,-1.813629,0.000000,0.000000,39.820943,0.0
304,10,0.000000,-2.075697,0.000000,0.000000,41.611832,0.0
304,11,0.000000,-2.448405,0.000000,0.000000,42.840873,0.0
304,12,0.000000,-1.853375,0.000000,0.000000,43.543183,0.0
304,13,0.000000,-1.796941,0.000000,0.000000,43.379310,0.0
304,14,15.731579,-1.702721,0.000000,0.000000,43.227143,680.031215048797
304,15,15.731579,-1.444139,0.000000,0.000000,42.817463,673.5863017640769
304,16,21.116646,-1.055465,0.000000,0.000000,42.056628,888.094925429688
304,17,26.429209,-0.883905,0.000000,0.000000,41.892755,1107.1923774807951
304,18,26.845141,-0.998212,0.000000,0.000000,45.860804,1231.1397497533642
304,19,33.668867,-1.087918,0.000000,0.000000,47.277128,1591.7673347739758
304,20,31.636854,-1.186132,0.000000,0.000000,46.012971,1455.705645633234
304,21,31.636854,-0.950871,0.000000,0.000000,43.566593,1378.309942018422
304,22,29.851836,-0.981614,0.000000,0.000000,40.523252,1209.693472890672
304,23,28.866823,-1.151593,0.000000,0.000000,36.918064,1065.7072189906721
304,24,0.000000,-0.919163,0.000000,0.000000,33.734261,0.0
305,1,22.732463,-0.286018,0.000000,0.000000,29.727460,675.77838453398
305,2,22.732463,-0.158653,0.000000,0.000000,28.772857,654.077907156791
305,3,22.732463,-0.056574,0.000000,0.000000,28.323632,643.865916465616
305,4,22.732463,0.014289,0.000000,0.000000,27.953021,635.441015620723
305,5,22.732463,-0.093673,0.000000,0.000000,28.155172,640.036405748636
305,6,25.908321,-0.084979,0.000000,0.000000,29.862227,773.680162890867
305,7,25.908321,0.106976,0.000000,0.000000,33.602025,870.572049950025
305,8,21.116646,-0.442633,0.000000,0.000000,36.724138,775.490621801148
305,9,0.000000,-1.678122,0.000000,0.000000,38.206580,0.0
305,10,0.000000,-2.116763,0.000000,0.000000,39.924866,0.0
305,11,0.000000,-2.319082,0.000000,0.000000,41.104081,0.0
305,12,0.000000,-1.724594,0.000000,0.000000,41.777918,0.0
305,13,0.000000,-1.653242,0.000000,0.000000,41.620690,0.0
305,14,15.731579,-1.491062,0.000000,0.000000,41.474692,652.4623936986679
305,15,15.731579,-1.013806,0.000000,0.000000,41.081620,646.27875047798
305,16,21.116646,-0.251919,0.000000,0.000000,40.351629,852.091065116334
305,17,26.429209,0.514286,0.000000,0.000000,40.194400,1062.3061982296
305,18,26.845141,0.742304,0.000000,0.000000,44.001582,1181.228673013062
305,19,27.739323,0.846464,0.000000,0.000000,45.360487,1258.269200330301
305,20,26.065175,1.010952,0.000000,0.000000,44.147580,1150.7143985265
305,21,26.065175,0.980277,0.000000,0.000000,41.800380,1089.5342197665
305,22,24.594523,1.207486,0.000000,0.000000,38.880418,956.2453347506139
305,23,23.782984,1.586232,0.000000,0.000000,35.421386,842.426256495824
305,24,0.000000,1.606823,0.000000,0.000000,32.366656,0.0
306,1,22.732463,-0.028123,0.000000,0.000000,56.942740,1294.44873016862
306,2,22.732463,0.159631,0.000000,0.000000,55.114204,1252.881603204452
306,3,22.732463,0.314615,0.000000,0.000000,54.253717,1233.320614314971
306,4,22.732463,0.421351,0.000000,0.000000,53.543815,1217.182793366345
306,5,22.732463,0.253525,0.000000,0.000000,53.931034,1225.9852349567418
306,6,25.908321,0.291515,0.000000,0.000000,57.200886,1481.978915972406
306,7,25.908321,0.649092,0.000000,0.000000,64.364442,1667.574624321882
306,8,21.116646,-0.169202,0.000000,0.000000,70.344828,1485.446830806888
306,9,0.000000,-2.099396,0.000000,0.000000,73.184435,0.0
306,10,0.000000,-2.767332,0.000000,0.000000,76.475799,0.0
306,11,0.000000,-3.075354,0.000000,0.000000,78.734578,0.0
306,12,0.000000,-2.119601,0.000000,0.000000,80.025308,0.0
306,13,0.000000,-2.008801,0.000000,0.000000,79.724138,0.0
306,14,15.731579,-1.754565,0.000000,0.000000,79.444480,1249.78711323392
306,15,15.731579,-1.006289,0.000000,0.000000,78.691553,1237.942382652187
306,16,21.116646,0.186164,0.000000,0.000000,77.293262,1632.174451839252
306,17,26.429209,1.389026,0.000000,0.000000,76.992091,2034.840064386019
306,18,26.845141,1.801023,0.000000,0.000000,84.284720,2262.63519254552
306,19,29.664659,1.982667,0.000000,0.000000,86.887694,2577.4938138063458
306,20,27.874312,2.220132,0.000000,0.000000,84.564378,2357.173856457936
306,21,27.874312,2.142199,0.000000,0.000000,80.068333,2231.849695361896
306,22,26.301584,2.453937,0.000000,0.000000,74.475166,1958.814834462944
306,23,25.433718,2.992005,0.000000,0.000000,67.849415,1725.6628875749698
306,24,0.000000,2.983773,0.000000,0.000000,61.998102,0.0
307,1,22.732463,4.635694,0.000000,0.000000,52.337077,1189.7506664306509
307,2,22.732463,4.661941,0.000000,0.000000,50.656438,1151.545602546794
307,3,22.732463,4.736734,0.000000,0.000000,49.865549,1133.566747617187
307,4,22.732463,4.778066,0.000000,0.000000,49.213065,1118.734179229095
307,5,22.732463,4.651917,0.000000,0.000000,49.568966,1126.824685543258
307,6,25.908321,4.951216,0.000000,0.000000,52.574344,1362.112980716424
307,7,25.908321,5.900106,0.000000,0.000000,59.158494,1532.697252428574
307,8,21.116646,5.851215,0.000000,0.000000,64.655172,1365.300379193112
307,9,0.000000,2.852221,0.000000,0.000000,67.265106,0.0
307,10,0.000000,1.230881,0.000000,0.000000,70.290256,0.0
307,11,0.000000,0.455278,0.000000,0.000000,72.366340,0.0
307,12,0.000000,1.452029,0.000000,0.000000,73.552673,0.0
307,13,0.000000,1.563433,0.000000,0.000000,73.275862,0.0
307,14,15.731579,2.148592,0.000000,0.000000,73.018823,1148.701382511517
307,15,15.731579,3.277882,0.000000,0.000000,72.326795,1137.814689359305
307,16,21.116646,5.294575,0.000000,0.000000,71.041601,1500.160339590246
307,17,26.429209,7.689001,0.000000,0.000000,70.764790,1870.2574247511102
307,18,26.845141,8.576392,0.000000,0.000000,77.467574,2079.627946957934
307,19,35.474770,1.634133,0.000000,0.000000,79.860013,2833.01559337201
307,20,33.333766,1.469145,0.000000,0.000000,77.724612,2590.8540288487916
307,21,33.333766,1.178860,0.000000,0.000000,73.592218,2453.105774232988
307,22,31.453004,0.795690,0.000000,0.000000,68.451439,2153.0033846727556
307,23,30.415158,-1.476153,0.000000,0.000000,62.361594,1896.737734641852
307,24,0.000000,7.185171,0.000000,0.000000,56.983550,0.0
308,1,22.732463,2.806491,0.000000,0.000000,71.597121,1627.578904039023
308,2,22.732463,2.891476,0.000000,0.000000,69.298007,1575.3143801012409
308,3,22.732463,2.993911,0.000000,0.000000,68.216071,1550.719310012873
308,4,22.732463,3.058048,0.000000,0.000000,67.323474,1530.4283817364621
308,5,22.732463,2.919460,0.000000,0.000000,67.810345,1541.4961587297348
308,6,25.908321,3.113720,0.000000,0.000000,71.921702,1863.370542282342
308,7,25.908321,3.832492,0.000000,0.000000,80.928820,2096.72984671122
308,8,21.116646,3.591489,0.000000,0.000000,88.448276,1867.730933602296
308,9,0.000000,0.501277,0.000000,0.000000,92.018665,0.0
308,10,0.000000,-1.225793,0.000000,0.000000,96.157071,0.0
308,11,0.000000,-2.073956,0.000000,0.000000,98.997153,0.0
308,12,0.000000,-1.118669,0.000000,0.000000,100.620057,0.0
308,13,0.000000,-0.997590,0.000000,0.000000,100.241379,0.0
308,14,15.731579,-0.403447,0.000000,0.000000,99.889750,1571.42349341525
308,15,15.731579,0.750030,0.000000,0.000000,98.943056,1556.530501965424
308,16,21.116646,2.811641,0.000000,0.000000,97.184910,2052.21934101186
308,17,26.429209,5.215742,0.000000,0.000000,96.806232,2558.5121380304877
308,18,26.845141,5.868867,0.000000,0.000000,105.975641,2844.931025210381
308,19,35.474770,1.918629,0.000000,0.000000,109.248497,3875.56530392069
308,20,33.333766,1.828274,0.000000,0.000000,106.327270,3544.2883375988195
308,21,33.333766,1.682418,0.000000,0.000000,100.674154,3355.848691683964
308,22,31.453004,1.478920,0.000000,0.000000,93.641569,2945.308644323276
308,23,30.415158,0.188830,0.000000,0.000000,85.310661,2594.737233399438
308,24,0.000000,5.193571,0.000000,0.000000,77.953496,0.0
309,1,22.732463,-4.022516,0.000000,0.000000,73.271908,1665.6509375494038
309,2,22.732463,-3.783664,0.000000,0.000000,70.919013,1612.1638390190192
309,3,22.732463,-3.632152,0.000000,0.000000,69.811768,1586.993433024584
309,4,22.732463,-3.520722,0.000000,0.000000,68.898292,1566.227873653196
309,5,22.732463,-3.647644,0.000000,0.000000,69.396552,1577.554550667576
309,6,25.908321,-3.863552,0.000000,0.000000,73.604081,1906.9581574580009
309,7,25.908321,-4.102101,0.000000,0.000000,82.821892,2145.776163763332
309,8,21.116646,-4.538591,0.000000,0.000000,90.517241,1911.4205350936859
309,9,0.000000,-5.717107,0.000000,0.000000,94.171148,0.0
309,10,0.000000,-6.259825,0.000000,0.000000,98.406359,0.0
309,11,0.000000,-6.975940,0.000000,0.000000,101.312876,0.0
309,12,0.000000,-6.034236,0.000000,0.000000,102.973742,0.0
309,13,0.000000,-5.930529,0.000000,0.000000,102.586207,0.0
309,14,15.731579,-5.768997,0.000000,0.000000,102.226352,1608.181932369808
309,15,15.731579,-5.328763,0.000000,0.000000,101.257513,1592.940565103027
309,16,21.116646,-4.660767,0.000000,0.000000,99.458241,2100.224466979686
309,17,26.429209,-4.411555,0.000000,0.000000,99.070705,2618.360368222345
309,18,26.845141,-4.896863,0.000000,0.000000,108.454603,2911.479109634023
309,19,40.072593,-5.157055,0.000000,0.000000,111.804018,4480.276909078673
309,20,37.654096,-5.255659,0.000000,0.000000,108.814457,4097.310010065872
309,21,37.654096,-4.678184,0.000000,0.000000,103.029105,3879.4678104640802
309,22,35.529572,-4.543995,0.000000,0.000000,95.832015,3404.87047684758
309,23,34.357213,-4.626294,0.000000,0.000000,87.306232,2999.598809051416
309,24,0.000000,-4.007962,0.000000,0.000000,79.776969,0.0
310,1,22.732463,-2.080998,0.000000,0.000000,81.645840,1856.01103690392
310,2,22.732463,-1.773641,0.000000,0.000000,79.024043,1796.411133607909
310,3,22.732463,-1.543230,0.000000,0.000000,77.790256,1768.364116280528
310,4,22.732463,-1.380317,0.000000,0.000000,76.772382,1745.2253332368657
310,5,22.732463,-1.610244,0.000000,0.000000,77.327586,1757.846487624318
310,6,25.908321,-1.678620,0.000000,0.000000,82.015976,2124.896233336296
310,7,25.908321,-1.476495,0.000000,0.000000,92.287251,2391.007723115571
310,8,21.116646,-2.752530,0.000000,0.000000,100.862069,2129.868605900574
310,9,0.000000,-5.341858,0.000000,0.000000,104.933565,0.0
310,10,0.000000,-6.321258,0.000000,0.000000,109.652800,0.0
310,11,0.000000,-6.792493,0.000000,0.000000,112.891490,0.0
310,12,0.000000,-5.616511,0.000000,0.000000,114.742170,0.0
310,13,0.000000,-5.463361,0.000000,0.000000,114.310345,0.0
310,14,15.731579,-5.125915,0.000000,0.000000,113.909364,1791.974158605756
310,15,15.731579,-4.134740,0.000000,0.000000,112.829801,1774.990927985779
310,16,21.116646,-2.547269,0.000000,0.000000,110.824897,2340.250117935462
310,17,26.429209,-0.979890,0.000000,0.000000,110.393072,2917.6015720400483
310,18,26.845141,-0.707764,0.000000,0.000000,120.849415,3244.219585442515
310,19,30.876947,-0.564286,0.000000,0.000000,124.581620,3846.7000779141404
310,20,29.013435,-0.168349,0.000000,0.000000,121.250395,3517.890454056825
310,21,29.013435,-0.112434,0.000000,0.000000,114.803860,3330.8543298591003
310,22,27.376435,0.497228,0.000000,0.000000,106.784246,2923.37196964301
310,23,26.473103,1.442493,0.000000,0.000000,97.284087,2575.411655411961
310,24,0.000000,1.638421,0.000000,0.000000,88.894337,0.0
311,1,22.732463,-7.938633,0.000000,0.000000,0.000000,0.0
311,2,22.732463,-7.297940,0.000000,0.000000,0.000000,0.0
311,3,22.732463,-6.862998,0.000000,0.000000,0.000000,0.0
311,4,22.732463,-6.546203,0.000000,0.000000,0.000000,0.0
311,5,22.732463,-6.938082,0.000000,0.000000,0.000000,0.0
311,6,25.908321,-7.333361,0.000000,0.000000,0.000000,0.0
311,7,25.908321,-7.667321,0.000000,0.000000,0.000000,0.0
311,8,21.116646,-8.508817,0.000000,0.000000,0.000000,0.0
311,9,0.000000,-11.808251,0.000000,0.000000,0.000000,0.0
311,10,0.000000,-12.752601,0.000000,0.000000,0.000000,0.0
311,11,0.000000,-14.246391,0.000000,0.000000,0.000000,0.0
311,12,0.000000,-11.504579,0.000000,0.000000,0.000000,0.0
311,13,0.000000,-11.156810,0.000000,0.000000,0.000000,0.0
311,14,15.731579,-10.804234,0.000000,0.000000,0.000000,0.0
311,15,15.731579,-9.614046,0.000000,0.000000,0.000000,0.0
311,16,21.116646,-7.846306,0.000000,0.000000,0.000000,0.0
311,17,26.429209,-6.911950,0.000000,0.000000,0.000000,0.0
311,18,26.845141,-7.486746,0.000000,0.000000,0.000000,0.0
311,19,31.677525,-5.921873,0.000000,0.000000,0.000000,0.0
311,20,29.765695,-5.435429,0.000000,0.000000,0.000000,0.0
311,21,29.765695,-5.042834,0.000000,0.000000,0.000000,0.0
311,22,28.086251,-4.037914,0.000000,0.000000,0.000000,0.0
311,23,27.159498,-1.567178,0.000000,0.000000,0.000000,0.0
311,24,0.000000,-2.666590,0.000000,0.000000,0.000000,0.0
312,1,22.732463,-7.345697,0.000000,0.000000,0.000000,0.0
312,2,22.732463,-6.787135,0.000000,0.000000,0.000000,0.0
312,3,22.732463,-6.405096,0.000000,0.000000,0.000000,0.0
312,4,22.732463,-6.127598,0.000000,0.000000,0.000000,0.0
312,5,22.732463,-6.474859,0.000000,0.000000,0.000000,0.0
312,6,25.908321,-6.804410,0.000000,0.000000,0.000000,0.0
312,7,25.908321,-7.042347,0.000000,0.000000,0.000000,0.0
312,8,21.116646,-8.593054,0.000000,0.000000,0.000000,0.0
312,9,0.000000,-11.809967,0.000000,0.000000,0.000000,0.0
312,10,0.000000,-13.408044,0.000000,0.000000,0.000000,0.0
312,11,0.000000,-15.057676,0.000000,0.000000,0.000000,0.0
312,12,0.000000,-12.667064,0.000000,0.000000,0.000000,0.0
312,13,0.000000,-12.512879,0.000000,0.000000,0.000000,0.0
312,14,15.731579,-12.051702,0.000000,0.000000,0.000000,0.0
312,15,15.731579,-10.677960,0.000000,0.000000,0.000000,0.0
312,16,21.116646,-8.617833,0.000000,0.000000,0.000000,0.0
312,17,26.429209,-7.555610,0.000000,0.000000,0.000000,0.0
312,18,26.845141,-8.142111,0.000000,0.000000,0.000000,0.0
312,19,32.434899,-7.502263,0.000000,0.000000,0.000000,0.0
312,20,30.477360,-6.337078,0.000000,0.000000,0.000000,0.0
312,21,30.477360,-5.927696,0.000000,0.000000,0.000000,0.0
312,22,28.757762,-4.114391,0.000000,0.000000,0.000000,0.0
312,23,27.808851,-1.957424,0.000000,0.000000,0.000000,0.0
312,24,0.000000,-2.085922,0.000000,0.000000,0.000000,0.0
313,1,22.732463,-9.874682,0.000000,0.000000,110.954603,2522.271407377189
313,2,22.732463,-9.223507,0.000000,0.000000,107.391648,2441.276664669024
313,3,22.732463,-8.774770,0.000000,0.000000,105.714964,2403.161507676332
313,4,22.732463,-8.449299,0.000000,0.000000,104.331699,2371.716487244637
313,5,22.732463,-8.860326,0.000000,0.000000,105.086207,2388.868312437841
313,6,25.908321,-9.223895,0.000000,0.000000,111.457608,2887.679485956168
313,7,25.908321,-9.458556,0.000000,0.000000,125.416008,3249.318193802568
313,8,21.116646,-11.902284,0.000000,0.000000,137.068966,2894.4368326080357
313,9,0.000000,-15.321181,0.000000,0.000000,142.602025,0.0
313,10,0.000000,-18.382446,0.000000,0.000000,149.015343,0.0
313,11,0.000000,-20.930836,0.000000,0.000000,153.416640,0.0
313,12,0.000000,-18.128524,0.000000,0.000000,155.931667,0.0
313,13,0.000000,-17.957152,0.000000,0.000000,155.344828,0.0
313,14,15.731579,-17.352835,0.000000,0.000000,154.799905,2435.246934699995
313,15,15.731579,-15.521810,0.000000,0.000000,153.332806,2412.167150880674
313,16,21.116646,-12.913565,0.000000,0.000000,150.608194,3180.339917397324
313,17,26.429209,-9.582219,0.000000,0.000000,150.021354,3964.945719328986
313,18,26.845141,-10.751854,0.000000,0.000000,164.231256,4408.811223927097
313,19,31.206596,-9.584876,0.000000,0.000000,169.303227,5283.377406485292
313,20,29.323188,-8.293875,0.000000,0.000000,164.776178,4831.762845415464
313,21,29.323188,-7.922627,0.000000,0.000000,156.015501,4574.871866737188
313,22,27.668712,-5.922224,0.000000,0.000000,145.117052,4015.201918077024
313,23,26.755735,-2.854308,0.000000,0.000000,132.206580,3537.2842197363
313,24,0.000000,-1.651509,0.000000,0.000000,120.805125,0.0
314,1,22.732463,-11.031153,0.000000,0.000000,81.227143,1846.4930228432088
314,2,22.732463,-10.040357,0.000000,0.000000,78.618792,1787.1987802446959
314,3,22.732463,-9.379144,0.000000,0.000000,77.391332,1759.295591210716
314,4,22.732463,-8.894446,0.000000,0.000000,76.378678,1736.2754716239137
314,5,22.732463,-9.477970,0.000000,0.000000,76.931034,1748.8318839567419
314,6,25.908321,-10.149104,0.000000,0.000000,81.595381,2113.9993230653013
314,7,25.908321,-10.880348,0.000000,0.000000,91.813983,2378.746143852543
314,8,21.116646,-10.302437,0.000000,0.000000,100.344828,2118.9462108068883
314,9,0.000000,-14.876718,0.000000,0.000000,104.395444,0.0
314,10,0.000000,-14.146469,0.000000,0.000000,109.090478,0.0
314,11,0.000000,-15.598717,0.000000,0.000000,112.312559,0.0
314,12,0.000000,-11.264658,0.000000,0.000000,114.153749,0.0
314,13,0.000000,-10.548196,0.000000,0.000000,113.724138,0.0
314,14,15.731579,-10.315700,0.000000,0.000000,113.325214,1782.7845567329061
314,15,15.731579,-9.224151,0.000000,0.000000,112.251186,1765.888400402694
314,16,21.116646,-7.569195,0.000000,0.000000,110.256564,2328.2488311643438
314,17,26.429209,-8.711447,0.000000,0.000000,109.826953,2902.639494670177
314,18,26.845141,-9.226401,0.000000,0.000000,120.229674,3227.582550914034
314,19,28.408686,-5.727222,0.000000,0.000000,123.942740,3521.05038263964
314,20,26.694140,-5.616178,0.000000,0.000000,120.628599,3220.07670970986
314,21,26.694140,-5.128797,0.000000,0.000000,114.215122,3048.87445678508
314,22,25.188000,-4.377534,0.000000,0.000000,106.236634,2675.8883371919997
314,23,24.356879,-0.438527,0.000000,0.000000,96.785195,2357.3852836064048
314,24,0.000000,-5.024330,0.000000,0.000000,88.438469,0.0
315,1,22.732463,-18.017680,0.000000,0.000000,132.726827,3017.2076838849007
315,2,22.732463,-16.365086,0.000000,0.000000,128.464726,2920.319630600138
315,3,22.732463,-15.330715,0.000000,0.000000,126.459032,2874.7252659558158
315,4,22.732463,-14.626126,0.000000,0.000000,124.804334,2837.1099048946417
315,5,22.732463,-15.788829,0.000000,0.000000,125.706897,2857.627384897311
315,6,25.908321,-17.286787,0.000000,0.000000,133.328535,3454.3184832397346
315,7,25.908321,-19.342819,0.000000,0.000000,150.025941,3886.920237755061
315,8,21.116646,-12.058179,0.000000,0.000000,163.965517,3462.401778695982
315,9,0.000000,-16.418078,0.000000,0.000000,170.584309,0.0
315,10,0.000000,-12.219148,0.000000,0.000000,178.256090,0.0
315,11,0.000000,-13.192325,0.000000,0.000000,183.521038,0.0
315,12,0.000000,-7.372175,0.000000,0.000000,186.529579,0.0
315,13,0.000000,-6.150042,0.000000,0.000000,185.827586,0.0
315,14,15.731579,-6.144543,0.000000,0.000000,185.175736,2913.106719767144
315,15,15.731579,-5.798813,0.000000,0.000000,183.420753,2885.4980660589868
315,16,21.116646,-6.004189,0.000000,0.000000,180.161499,3804.4065972123535
315,17,26.429209,-14.697390,0.000000,0.000000,179.459506,4742.972791110754
315,18,26.845141,-16.526357,0.000000,0.000000,196.457767,5273.936455660147
315,19,21.638243,-9.070336,0.000000,0.000000,202.524992,4382.284990469056
315,20,20.332313,-9.590208,0.000000,0.000000,197.109617,4007.6944281541205
315,21,20.332313,-8.767240,0.000000,0.000000,186.629864,3794.6168099954316
315,22,19.185120,-8.757902,0.000000,0.000000,173.592850,3330.399658392
315,23,18.552074,-2.697890,0.000000,0.000000,158.149003,2933.992006682222
315,24,0.000000,-12.145766,0.000000,0.000000,144.510282,0.0
316,1,22.732463,-18.121250,0.000000,0.000000,41.869662,951.800542237506
316,2,22.732463,-16.550471,0.000000,0.000000,40.525150,921.2364729444499
316,3,22.732463,-15.529906,0.000000,0.000000,39.892439,906.853393547257
316,4,22.732463,-14.775112,0.000000,0.000000,39.370452,894.987343383276
316,5,22.732463,-15.646523,0.000000,0.000000,39.655172,901.459730248636
316,6,25.908321,-16.862845,0.000000,0.000000,42.059475,1089.690379391475
316,7,25.908321,-18.497612,0.000000,0.000000,47.326795,1226.157796761195
316,8,21.116646,-12.539604,0.000000,0.000000,51.724138,1092.240311801148
316,9,0.000000,-17.564413,0.000000,0.000000,53.812085,0.0
316,10,0.000000,-13.954233,0.000000,0.000000,56.232205,0.0
316,11,0.000000,-15.352252,0.000000,0.000000,57.893072,0.0
316,12,0.000000,-8.745672,0.000000,0.000000,58.842139,0.0
316,13,0.000000,-7.642120,0.000000,0.000000,58.620690,0.0
316,14,15.731579,-7.544541,0.000000,0.000000,58.415059,918.961115448161
316,15,15.731579,-6.906817,0.000000,0.000000,57.861436,910.2517514874439
316,16,21.116646,-6.471938,0.000000,0.000000,56.833281,1200.128275895526
316,17,26.429209,-13.934441,0.000000,0.000000,56.611832,1496.205939800888
316,18,26.845141,-15.734508,0.000000,0.000000,61.974059,1663.702352197319
316,19,23.816745,-9.643607,0.000000,0.000000,63.888010,1521.60444272745
316,20,22.379336,-9.947878,0.000000,0.000000,62.179690,1391.5401748858399
316,21,22.379336,-9.110541,0.000000,0.000000,58.873774,1317.5559699340638
316,22,21.116646,-8.445896,0.000000,0.000000,54.761152,1156.371861336192
316,23,20.419866,-2.124819,0.000000,0.000000,49.889276,1018.732330757016
316,24,0.000000,-11.326012,0.000000,0.000000,45.586840,0.0
317,1,22.732463,-23.962503,0.000000,0.000000,0.000000,0.0
317,2,22.732463,-21.947912,0.000000,0.000000,0.000000,0.0
317,3,22.732463,-20.603593,0.000000,0.000000,0.000000,0.0
317,4,22.732463,-19.511029,0.000000,0.000000,0.000000,0.0
317,5,22.732463,-20.204755,0.000000,0.000000,0.000000,0.0
317,6,25.908321,-21.568615,0.000000,0.000000,0.000000,0.0
317,7,25.908321,-23.566349,0.000000,0.000000,0.000000,0.0
317,8,21.116646,-15.456816,0.000000,0.000000,0.000000,0.0
317,9,0.000000,-21.651220,0.000000,0.000000,0.000000,0.0
317,10,0.000000,-15.877859,0.000000,0.000000,0.000000,0.0
317,11,0.000000,-17.646922,0.000000,0.000000,0.000000,0.0
317,12,0.000000,-8.609541,0.000000,0.000000,0.000000,0.0
317,13,0.000000,-6.524572,0.000000,0.000000,0.000000,0.0
317,14,15.731579,-6.560936,0.000000,0.000000,0.000000,0.0
317,15,15.731579,-6.200601,0.000000,0.000000,0.000000,0.0
317,16,21.116646,-6.707252,0.000000,0.000000,0.000000,0.0
317,17,26.429209,-15.176295,0.000000,0.000000,0.000000,0.0
317,18,26.845141,-18.038131,0.000000,0.000000,0.000000,0.0
317,19,23.049822,-10.578791,0.000000,0.000000,0.000000,0.0
317,20,21.658699,-12.366482,0.000000,0.000000,0.000000,0.0
317,21,21.658699,-11.173628,0.000000,0.000000,0.000000,0.0
317,22,20.436670,-12.635760,0.000000,0.000000,0.000000,0.0
317,23,19.762327,-4.232196,0.000000,0.000000,0.000000,0.0
317,24,0.000000,-17.434748,0.000000,0.000000,0.000000,0.0
318,1,22.732463,-22.221461,0.000000,0.000000,139.425973,3169.4957724614987
318,2,22.732463,-20.136373,0.000000,0.000000,134.948750,3067.7174662712496
318,3,22.732463,-18.807380,0.000000,0.000000,132.841822,3019.821803467586
318,4,22.732463,-17.861819,0.000000,0.000000,131.103606,2980.3078725615783
318,5,22.732463,-19.169137,0.000000,0.000000,132.051724,3001.860929916212
318,6,25.908321,-20.926898,0.000000,0.000000,140.058051,3628.6689439423712
318,7,25.908321,-23.046185,0.000000,0.000000,157.598228,4083.1054800551883
318,8,21.116646,-13.804020,0.000000,0.000000,172.241379,3637.1602268948336
318,9,0.000000,-19.351373,0.000000,0.000000,179.194242,0.0
318,10,0.000000,-14.018428,0.000000,0.000000,187.253243,0.0
318,11,0.000000,-15.420005,0.000000,0.000000,192.783929,0.0
318,12,0.000000,-7.297748,0.000000,0.000000,195.944321,0.0
318,13,0.000000,-5.435331,0.000000,0.000000,195.206897,0.0
318,14,15.731579,-5.446034,0.000000,0.000000,194.522145,3060.140491316955
318,15,15.731579,-5.094737,0.000000,0.000000,192.678583,3031.138350072557
318,16,21.116646,-5.698256,0.000000,0.000000,189.254824,3996.427122200304
318,17,26.429209,-15.263689,0.000000,0.000000,188.517400,4982.3657647366
318,18,26.845141,-17.774803,0.000000,0.000000,206.373616,5540.128820199856
318,19,22.692614,-9.278554,0.000000,0.000000,212.747074,4827.787229911436
318,20,21.323049,-10.591515,0.000000,0.000000,207.058368,4415.115726724032
318,21,21.323049,-9.544708,0.000000,0.000000,196.049668,4180.3766771977325
318,22,20.119957,-10.703107,0.000000,0.000000,182.354635,3668.967414950695
318,23,19.456065,-3.028684,0.000000,0.000000,166.131288,3232.26113786172
318,24,0.000000,-15.419302,0.000000,0.000000,151.804176,0.0
319,1,22.732463,-14.775732,0.000000,0.000000,75.784087,1722.758953716281
319,2,22.732463,-13.464432,0.000000,0.000000,73.350522,1667.4380273956858
319,3,22.732463,-12.600523,0.000000,0.000000,72.205315,1641.4046516408448
319,4,22.732463,-11.964428,0.000000,0.000000,71.260519,1619.927111528297
319,5,22.732463,-12.714901,0.000000,0.000000,71.775862,1631.642127208106
319,6,25.908321,-13.663886,0.000000,0.000000,76.127649,1972.3395672673291
319,7,25.908321,-14.829254,0.000000,0.000000,85.661500,2219.3456393415004
319,8,21.116646,-12.035305,0.000000,0.000000,93.620690,1976.95496900574
319,9,0.000000,-17.256967,0.000000,0.000000,97.399873,0.0
319,10,0.000000,-15.266121,0.000000,0.000000,101.780291,0.0
319,11,0.000000,-16.911442,0.000000,0.000000,104.786460,0.0
319,12,0.000000,-10.517804,0.000000,0.000000,106.504271,0.0
319,13,0.000000,-10.289042,0.000000,0.000000,106.103448,0.0
319,14,15.731579,-9.998279,0.000000,0.000000,105.731256,1663.319606533224
319,15,15.731579,-8.889741,0.000000,0.000000,104.729200,1647.5556834068002
319,16,21.116646,-7.217818,0.000000,0.000000,102.868238,2172.232166489748
319,17,26.429209,-12.951693,0.000000,0.000000,102.467415,2708.132726724735
319,18,26.845141,-14.345042,0.000000,0.000000,112.173047,3011.301263114627
319,19,25.652483,-10.326501,0.000000,0.000000,115.637298,2966.383821110934
319,20,24.104282,-9.166210,0.000000,0.000000,112.545239,2712.822178613398
319,21,24.104282,-8.443940,0.000000,0.000000,106.561531,2568.5891935757422
319,22,22.744267,-6.136475,0.000000,0.000000,99.117684,2254.359069317628
319,23,21.993781,-0.800078,0.000000,0.000000,90.299589,1986.0293848560088
319,24,0.000000,-7.870384,0.000000,0.000000,82.512180,0.0
320,1,22.732463,-12.735007,0.000000,0.000000,53.593167,1218.304685880321
320,2,22.732463,-11.621456,0.000000,0.000000,51.872192,1179.1826853688958
320,3,22.732463,-10.880646,0.000000,0.000000,51.062322,1160.772345559086
320,4,22.732463,-10.336941,0.000000,0.000000,50.394179,1145.583809532877
320,5,22.732463,-10.988156,0.000000,0.000000,50.758621,1153.868473813523
320,6,25.908321,-11.754541,0.000000,0.000000,53.836128,1394.803685621088
320,7,25.908321,-12.620986,0.000000,0.000000,60.578298,1569.481990217658
320,8,21.116646,-11.462950,0.000000,0.000000,66.206897,1398.067606707462
320,9,0.000000,-16.523234,0.000000,0.000000,68.879469,0.0
320,10,0.000000,-15.893297,0.000000,0.000000,71.977222,0.0
320,11,0.000000,-17.778945,0.000000,0.000000,74.103132,0.0
320,12,0.000000,-12.448286,0.000000,0.000000,75.317937,0.0
320,13,0.000000,-12.219476,0.000000,0.000000,75.034483,0.0
320,14,15.731579,-11.757609,0.000000,0.000000,74.771275,1176.270219593225
320,15,15.731579,-10.342776,0.000000,0.000000,74.062638,1165.1222406454021
320,16,21.116646,-8.177735,0.000000,0.000000,72.746599,1536.164178786954
320,17,26.429209,-13.271319,0.000000,0.000000,72.463145,1915.143604002305
320,18,26.845141,-14.422219,0.000000,0.000000,79.326795,2129.5389968530953
320,19,27.248777,-12.245427,0.000000,0.000000,81.776653,2228.3137814033807
320,20,25.604235,-9.776171,0.000000,0.000000,79.590003,2037.8411404627047
320,21,25.604235,-9.085391,0.000000,0.000000,75.358431,1929.494976555285
320,22,24.159589,-5.264087,0.000000,0.000000,70.094274,1693.4488510933859
320,23,23.362402,-0.682887,0.000000,0.000000,63.858273,1491.882644851746
320,24,0.000000,-5.811011,0.000000,0.000000,58.351155,0.0
321,1,22.732463,-21.643287,0.000000,0.000000,0.000000,0.0
321,2,22.732463,-19.459388,0.000000,0.000000,0.000000,0.0
321,3,22.732463,-18.128935,0.000000,0.000000,0.000000,0.0
321,4,22.732463,-17.306928,0.000000,0.000000,0.000000,0.0
321,5,22.732463,-19.191073,0.000000,0.000000,0.000000,0.0
321,6,25.908321,-21.374232,0.000000,0.000000,0.000000,0.0
321,7,25.908321,-23.277718,0.000000,0.000000,0.000000,0.0
321,8,21.116646,-13.552212,0.000000,0.000000,0.000000,0.0
321,9,0.000000,-18.550521,0.000000,0.000000,0.000000,0.0
321,10,0.000000,-13.686560,0.000000,0.000000,0.000000,0.0
321,11,0.000000,-14.788095,0.000000,0.000000,0.000000,0.0
321,12,0.000000,-7.539136,0.000000,0.000000,0.000000,0.0
321,13,0.000000,-5.877882,0.000000,0.000000,0.000000,0.0
321,14,15.731579,-5.859658,0.000000,0.000000,0.000000,0.0
321,15,15.731579,-5.503020,0.000000,0.000000,0.000000,0.0
321,16,21.116646,-6.170987,0.000000,0.000000,0.000000,0.0
321,17,26.429209,-16.749003,0.000000,0.000000,0.000000,0.0
321,18,26.845141,-19.067447,0.000000,0.000000,0.000000,0.0
321,19,22.360920,-9.655827,0.000000,0.000000,0.000000,0.0
321,20,21.011374,-10.485595,0.000000,0.000000,0.000000,0.0
321,21,21.011374,-9.492406,0.000000,0.000000,0.000000,0.0
321,22,19.825867,-10.266760,0.000000,0.000000,0.000000,0.0
321,23,19.171679,-3.148557,0.000000,0.000000,0.000000,0.0
321,24,0.000000,-14.678522,0.000000,0.000000,0.000000,0.0
322,1,22.732463,-24.399347,0.000000,0.000000,0.000000,0.0
322,2,22.732463,-21.175320,0.000000,0.000000,0.000000,0.0
322,3,22.732463,-20.056968,0.000000,0.000000,0.000000,0.0
322,4,22.732463,-19.024569,0.000000,0.000000,0.000000,0.0
322,5,22.732463,-20.071912,0.000000,0.000000,0.000000,0.0
322,6,25.908321,-24.004505,0.000000,0.000000,0.000000,0.0
322,7,25.908321,-25.732214,0.000000,0.000000,0.000000,0.0
322,8,21.116646,-16.381772,0.000000,0.000000,0.000000,0.0
322,9,0.000000,-20.280067,0.000000,0.000000,0.000000,0.0
322,10,0.000000,-16.023448,0.000000,0.000000,0.000000,0.0
322,11,0.000000,-15.911796,0.000000,0.000000,0.000000,0.0
322,12,0.000000,-9.265183,0.000000,0.000000,0.000000,0.0
322,13,0.000000,-7.437383,0.000000,0.000000,0.000000,0.0
322,14,15.731579,-7.232522,0.000000,0.000000,0.000000,0.0
322,15,15.731579,-6.817678,0.000000,0.000000,0.000000,0.0
322,16,21.116646,-7.356027,0.000000,0.000000,0.000000,0.0
322,17,26.429209,-18.784014,0.000000,0.000000,0.000000,0.0
322,18,26.845141,-21.453198,0.000000,0.000000,0.000000,0.0
322,19,22.631702,-11.503638,0.000000,0.000000,0.000000,0.0
322,20,21.265814,-12.416708,0.000000,0.000000,0.000000,0.0
322,21,21.265814,-11.231533,0.000000,0.000000,0.000000,0.0
322,22,20.065951,-12.172181,0.000000,0.000000,0.000000,0.0
322,23,19.403841,-5.026418,0.000000,0.000000,0.000000,0.0
322,24,0.000000,-17.833365,0.000000,0.000000,0.000000,0.0
323,1,22.732463,-11.950382,0.000000,0.000000,0.000000,0.0
323,2,22.732463,-10.934745,0.000000,0.000000,0.000000,0.0
323,3,22.732463,-10.256535,0.000000,0.000000,0.000000,0.0
323,4,22.732463,-9.759434,0.000000,0.000000,0.000000,0.0
323,5,22.732463,-10.358354,0.000000,0.000000,0.000000,0.0
323,6,25.908321,-11.043705,0.000000,0.000000,0.000000,0.0
323,7,25.908321,-11.788235,0.000000,0.000000,0.000000,0.0
323,8,21.116646,-11.245257,0.000000,0.000000,0.000000,0.0
323,9,0.000000,-15.969551,0.000000,0.000000,0.000000,0.0
323,10,0.000000,-15.919823,0.000000,0.000000,0.000000,0.0
323,11,0.000000,-17.851468,0.000000,0.000000,0.000000,0.0
323,12,0.000000,-13.047558,0.000000,0.000000,0.000000,0.0
323,13,0.000000,-12.831431,0.000000,0.000000,0.000000,0.0
323,14,15.731579,-12.355100,0.000000,0.000000,0.000000,0.0
323,15,15.731579,-10.901584,0.000000,0.000000,0.000000,0.0
323,16,21.116646,-8.700941,0.000000,0.000000,0.000000,0.0
323,17,26.429209,-13.866000,0.000000,0.000000,0.000000,0.0
323,18,26.845141,-14.964626,0.000000,0.000000,0.000000,0.0
323,19,28.126738,-13.816237,0.000000,0.000000,0.000000,0.0
323,20,26.429209,-10.613269,0.000000,0.000000,0.000000,0.0
323,21,26.429209,-9.913139,0.000000,0.000000,0.000000,0.0
323,22,24.938017,-5.226046,0.000000,0.000000,0.000000,0.0
323,23,24.115144,-1.020900,0.000000,0.000000,0.000000,0.0
323,24,0.000000,-5.046116,0.000000,0.000000,0.000000,0.0
324,1,22.732463,-13.960146,0.000000,0.000000,0.000000,0.0
324,2,22.732463,-13.057982,0.000000,0.000000,0.000000,0.0
324,3,22.732463,-12.550040,0.000000,0.000000,0.000000,0.0
324,4,22.732463,-12.198937,0.000000,0.000000,0.000000,0.0
324,5,22.732463,-12.748315,0.000000,0.000000,0.000000,0.0
324,6,25.908321,-13.880521,0.000000,0.000000,0.000000,0.0
324,7,25.908321,-15.752259,0.000000,0.000000,0.000000,0.0
324,8,21.116646,-12.299730,0.000000,0.000000,0.000000,0.0
324,9,0.000000,-13.467997,0.000000,0.000000,0.000000,0.0
324,10,0.000000,-9.108253,0.000000,0.000000,0.000000,0.0
324,11,0.000000,-8.666339,0.000000,0.000000,0.000000,0.0
324,12,0.000000,-8.373949,0.000000,0.000000,0.000000,0.0
324,13,0.000000,-7.700194,0.000000,0.000000,0.000000,0.0
324,14,15.731579,-7.983944,0.000000,0.000000,0.000000,0.0
324,15,15.731579,-8.502234,0.000000,0.000000,0.000000,0.0
324,16,21.116646,-9.587105,0.000000,0.000000,0.000000,0.0
324,17,26.429209,-15.073865,0.000000,0.000000,0.000000,0.0
324,18,26.845141,-16.458786,0.000000,0.000000,0.000000,0.0
324,19,13.440744,-12.108114,0.000000,0.000000,0.000000,0.0
324,20,12.629557,-12.468391,0.000000,0.000000,0.000000,0.0
324,21,12.629557,-11.738426,0.000000,0.000000,0.000000,0.0
324,22,11.916970,-11.681790,0.000000,0.000000,0.000000,0.0
324,23,11.523750,-7.948750,0.000000,0.000000,0.000000,0.0
324,24,0.000000,-13.583112,0.000000,0.000000,0.000000,0.0
325,1,22.732463,-11.950382,0.000000,0.000000,0.000000,0.0
325,2,22.732463,-10.934745,0.000000,0.000000,0.000000,0.0
325,3,22.732463,-10.256535,0.000000,0.000000,0.000000,0.0
325,4,22.732463,-9.759434,0.000000,0.000000,0.000000,0.0
325,5,22.732463,-10.358354,0.000000,0.000000,0.000000,0.0
325,6,25.908321,-11.043705,0.000000,0.000000,0.000000,0.0
325,7,25.908321,-11.788235,0.000000,0.000000,0.000000,0.0
325,8,21.116646,-11.245257,0.000000,0.000000,0.000000,0.0
325,9,0.000000,-15.969551,0.000000,0.000000,0.000000,0.0
325,10,0.000000,-15.919823,0.000000,0.000000,0.000000,0.0
325,11,0.000000,-17.851468,0.000000,0.000000,0.000000,0.0
325,12,0.000000,-13.047558,0.000000,0.000000,0.000000,0.0
325,13,0.000000,-12.831431,0.000000,0.000000,0.000000,0.0
325,14,15.731579,-12.355100,0.000000,0.000000,0.000000,0.0
325,15,15.731579,-10.901584,0.000000,0.000000,0.000000,0.0
325,16,21.116646,-8.700941,0.000000,0.000000,0.000000,0.0
325,17,26.429209,-13.866000,0.000000,0.000000,0.000000,0.0
325,18,26.845141,-14.964626,0.000000,0.000000,0.000000,0.0
325,19,28.126738,-13.816237,0.000000,0.000000,0.000000,0.0
325,20,26.429209,-10.613269,0.000000,0.000000,0.000000,0.0
325,21,26.429209,-9.913139,0.000000,0.000000,0.000000,0.0
325,22,24.938017,-5.226046,0.000000,0.000000,0.000000,0.0
325,23,24.115144,-1.020900,0.000000,0.000000,0.000000,0.0
325,24,0.000000,-5.046116,0.000000,0.000000,0.000000,0.0
